IMG_1951_png_jpg.rf.03166b6e6e6cff5179981fa141d21235.jpg 37,200,126,326,0 124,204,202,327,0 175,89,308,281,0 263,210,360,350,0 364,353,412,398,0 3,143,40,200,0 63,161,97,207,0 14,288,53,323,0
Gala-2015-2-1024x768_png_jpg.rf.099aaebdfae22aa731fe60888347ed49.jpg 126,114,264,295,0 235,205,292,307,0 199,284,276,349,0
green_app_png_jpg.rf.0a1b4a79216eec72c082b73436269498.jpg 67,59,135,142,0 183,106,243,187,0 254,152,308,209,0 283,169,346,259,0 330,149,382,232,0 141,190,190,260,0 75,240,126,309,0 108,135,145,188,0 190,299,235,363,0 226,319,272,372,0
apple-tree-lg_png_jpg.rf.0daa4badb67381fb02b424a543b30fcf.jpg 53,53,161,200,0 125,117,251,296,0 169,227,301,394,0 285,246,405,397,0 231,56,336,225,0
Winesap-Apple-Tree-450w_png_jpg.rf.18dcae080cd2d129af2be6530556a417.jpg 130,72,305,252,0 25,152,204,327,0 233,210,410,386,0
PinkLady-apple-tree-23_png_jpg.rf.1d14790ab438d28f45b5625a9eefb2da.jpg 228,96,333,269,0 175,21,271,168,0 304,182,375,314,0
img_6479-001-e1378168705770_png_jpg.rf.182cf98bf0a57331ae3d353ef01a7da2.jpg 108,109,289,338,0
Golden_png_jpg.rf.2d0b9cba1b6d7783ed50b5b1d9459466.jpg 220,187,339,350,0 123,174,231,326,0 276,97,377,212,0 53,37,130,95,0 41,137,98,206,0 87,114,146,182,0
granny-smith-apples_png_jpg.rf.22a10e81c8bee6a9f5e49b1093ee1a40.jpg 10,125,97,247,0 286,48,375,172,0 197,145,277,260,0
Apple-Tree-With-Green-Apples_png_jpg.rf.38c410b55e1b9050876c85e766f92ad0.jpg 95,162,276,392,0 243,85,404,298,0 125,37,290,172,0
sturmer-pippins_png_jpg.rf.38d522b2db426aae53265f5a180010ad.jpg 6,36,131,192,0 89,145,178,290,0 158,156,298,323,0 277,192,411,370,0
applelele_png_jpg.rf.48301e6f048cf6fb53262a569093e0ea.jpg 28,171,118,328,0 106,151,181,291,0 172,189,220,311,0 217,173,283,301,0 261,126,338,272,0 309,60,409,228,0 224,314,277,401,0 187,286,233,372,0 259,364,302,414,0 3,244,40,311,0
E12812977-14_png_jpg.rf.54084fd3321e280f116b76e4c72219cb.jpg 271,221,397,401,0 102,143,227,327,0 60,39,166,192,0
860929755-little-switzerland-ripe-condition-apple-tree-apple-fruit_png_jpg.rf.488691a9b163d315b910ff80e03fe93c.jpg 58,51,173,264,0 160,99,265,300,0 250,137,343,311,0 235,310,353,410,0
7807503254_9d54ae414f_z_png_jpg.rf.31288a298955ebb946bbc7da98782f87.jpg 179,75,275,198,0 167,189,246,298,0 239,223,332,355,0 261,182,325,243,0 201,292,269,391,0 54,127,132,242,0 96,58,170,180,0
prune_my_wild_apple_trees_png_jpg.rf.485fd1cddeb8723744c9258979d861cf.jpg 66,109,156,185,0 129,147,185,216,0 185,124,264,196,0 246,136,331,211,0 238,203,344,276,0 192,183,269,240,0 80,244,169,325,0 6,251,98,330,0 25,317,108,390,0 209,293,317,385,0 300,252,393,326,0 360,230,412,308,0 357,91,415,166,0 321,37,412,98,0 34,38,120,75,0 46,72,133,118,0 39,174,125,220,0 156,254,218,326,0
img_6237_png_jpg.rf.5bdb4de50a8dd1e2a34bbaf20bfd426e.jpg 259,173,330,275,0 195,198,268,293,0 199,287,277,393,0 296,267,354,384,0 79,227,116,268,0 50,209,84,254,0 56,248,90,294,0 40,67,83,124,0 47,37,93,80,0 76,53,111,103,0 186,173,221,215,0
2979_png_jpg.rf.487ca1b6ebeb5e1d3b49b31aa5545677.jpg 41,172,196,326,0 83,105,212,212,0 216,144,350,276,0 188,79,288,175,0 337,36,413,107,0 333,154,411,278,0 92,298,198,385,0 5,253,83,372,0
45677_png_jpg.rf.6a8c1458ddc8ac62eb5598d626e32e87.jpg 43,94,156,280,0 94,195,224,411,0 193,86,311,309,0 296,121,375,330,0
2010-12-07-05-26-38_1291641998_png_jpg.rf.60df4c31b001805beafe7617d7ed2b19.jpg 150,102,213,187,0 323,44,367,107,0 190,245,247,323,0 249,297,302,372,0 87,269,140,341,0 68,184,122,257,0 5,235,33,300,0
bevans3_png_jpg.rf.601ea3089f2a53962b1dc5e0a651b893.jpg 64,174,315,353,0
the-apple-tree-thumb_png_jpg.rf.5ae072b4d32fc1d6e8142413a4c31bb3.jpg 44,74,202,308,0
Apple_Tree-106_png_jpg.rf.5dd4aed0e0b54ba5719a3b526b188b72.jpg 57,53,169,218,0 136,70,250,237,0 227,104,337,276,0 175,237,286,402,0 90,202,195,369,0 282,16,382,146,0 335,348,414,413,0 120,337,200,413,0
Apple-Anna-Fruit-and-leaves1_png_jpg.rf.609388e7e2f34325c24cf2f9c7764de5.jpg 55,149,237,318,0 211,186,343,327,0 195,114,288,195,0
2844-960x960_png_jpg.rf.6b3ce38454004295330520c3c74b82e7.jpg 42,189,168,307,0 91,87,216,205,0 204,73,312,184,0 281,113,391,228,0 336,45,412,157,0 157,173,274,292,0 55,280,182,354,0 4,285,79,399,0
green-apple-tree_png_jpg.rf.6bff64a24f021921207893355da33fbf.jpg 223,72,337,208,0 141,128,258,257,0 241,189,352,317,0 164,246,267,346,0 299,245,397,363,0
fruit_apple_apple-tree_wallpaper_apple_07_png_jpg.rf.6c5b4ef5b7396f08677c5f25cb655946.jpg 148,102,214,188,0 63,183,123,257,0 87,272,139,343,0 191,241,247,324,0 249,296,302,372,0 3,232,37,300,0 325,47,371,113,0
fruit_apple_apple-tree_wallpaper_ea60142_png_jpg.rf.72e430c39ecec145fa1b2e85c19a0013.jpg 138,154,235,291,0 155,289,252,398,0 307,40,405,150,0 358,280,414,392,0 4,214,86,369,0
apple_tree_green_188c6l8-188c6ne_png_jpg.rf.771bd4401b657d7ff3ae9429e6a18d23.jpg 128,73,265,312,0 116,290,265,407,0 203,10,345,152,0 247,146,386,407,0
VinhHo-TanManChuyenDiMinnesota-35_png_jpg.rf.8a57765b080a952e6fabfa200731d132.jpg 177,54,361,298,0 46,193,185,374,0
tc_0048-1_png_jpg.rf.86d3e9bbb90db3560298439eb3bac871.jpg 133,45,242,147,0 268,100,373,197,0 130,166,244,254,0 84,246,193,359,0 4,314,89,398,0 286,270,337,332,0 306,312,360,367,0 329,263,375,320,0 353,255,403,313,0
IMG_0768_png_jpg.rf.8a5ca88aa92dc8acaf2daa2d38e6849e.jpg 53,141,223,372,0 239,167,368,334,0 3,36,52,132,0
1237_png_jpg.rf.91ec40d4e40e1a9ddd79209680842949.jpg 12,96,109,229,0 179,242,269,372,0 251,53,352,191,0
urban-apple-tree_png_jpg.rf.96c480db90e3695ea54b88c598b5301a.jpg 113,36,299,169,0 68,152,217,266,0 78,259,250,387,0 234,194,359,320,0 262,104,370,212,0 6,341,123,400,0 203,331,313,401,0
1_png_jpg.rf.9b76aae906609f9b2fad000c80db7d3f.jpg 97,13,170,125,0 63,115,140,246,0 175,129,250,258,0 238,180,304,309,0 267,259,338,386,0 183,234,254,341,0
productsquare_red-chief_20151008230618_png_jpg.rf.9e6ec225a7cc3e8e2e08d0051c54decf.jpg 18,37,111,117,0 100,90,194,188,0 73,90,115,169,0 192,37,273,132,0 222,116,308,208,0 165,141,264,246,0 88,167,182,265,0 68,318,164,398,0 184,345,262,400,0 316,302,358,385,0
Golden-Delicious-Apple-1-1024x685_png_jpg.rf.a20ad01d3dc370935f3c32bdb1160b30.jpg 92,25,155,122,0 152,38,227,145,0 134,128,213,230,0 171,257,241,379,0 81,277,169,401,0
anna-apple_png_jpg.rf.a777a2a1ad37c5073c342ef4f76fbec6.jpg 56,149,237,321,0 213,184,349,329,0 199,114,294,201,0
905496294_885_png_jpg.rf.aaa6155336cb49eeec95df605047df72.jpg 25,123,211,372,0 200,62,394,325,0
CroppedImage910400-golden-delicious-apples-495-400_png_jpg.rf.ae30dc001a5f1ff38151e6e53b519164.jpg 155,89,217,254,0 218,102,267,235,0 181,6,243,109,0 81,94,128,197,0 5,130,35,254,0 49,307,107,409,0 117,238,168,351,0 171,305,228,409,0 113,362,176,409,0 272,367,315,411,0 323,186,383,327,0 288,55,352,210,0 132,14,184,135,0 31,55,55,152,0
stockvault-green-apples100101_png_jpg.rf.af939638493daa00db4943e9d62117b4.jpg 118,188,211,343,0 21,211,132,380,0 251,118,324,227,0 365,18,415,78,0
static1_png_jpg.rf.b12fd3425cafeb78262525747fc5617c.jpg 167,156,336,344,0 76,43,238,222,0
img_2017_png_jpg.rf.bd93dfa2d5c535a02dc75e6f5850bbab.jpg 129,76,236,219,0 145,205,260,358,0 89,186,167,328,0
apples-photos--big-green-apples-on-tree--close-up-94309_png_jpg.rf.bf1d615ec09fce7eb874f11f1557a6d5.jpg 56,75,184,266,0 200,198,329,373,0
Apple_tree_Alamy_3400740b_png_jpg.rf.c4125b0d6373bb2024ee69bff6fb7fcb.jpg 78,173,225,376,0 181,25,319,237,0
gala-apples_png_jpg.rf.c44a9ef64fb27dc504d852dde20aa78c.jpg 135,56,250,191,0 132,165,227,278,0 322,203,396,298,0 257,137,328,241,0 241,302,302,381,0 115,231,196,340,0
Apple-tree-Alamy-large_png_jpg.rf.c629b97944c98a3c35d093de39b91c42.jpg 4,65,79,188,0 30,181,133,339,0 61,48,133,190,0 162,149,249,296,0 157,30,244,163,0 225,125,290,252,0 223,222,306,346,0 269,55,343,180,0 322,124,385,258,0 125,267,196,380,0
Mcintosh_Apple_Tree_450_3_png_jpg.rf.ca753c1d54831c181c19e17d714addfa.jpg 170,41,319,189,0 91,112,226,252,0 205,175,345,310,0 35,239,182,390,0 185,293,308,397,0 333,46,414,185,0
Delikates_apple_cultivar_png_jpg.rf.cd9c28ce7ec584b377df0d28461843c5.jpg 19,129,159,321,0 167,162,290,342,0 283,211,400,379,0 172,63,253,184,0 76,62,182,202,0 98,251,201,402,0
apple-tree_png_jpg.rf.cf3483e2b9f2eb0517c6e60a3dbf4814.jpg 176,37,296,163,0 77,64,168,187,0 166,199,254,323,0 243,237,335,372,0 120,208,196,334,0 69,297,171,399,0 43,260,119,349,0 163,89,224,221,0
ranetka_ermolaeva_png_jpg.rf.ce179f7587969ba283ceca304813844e.jpg 162,138,281,294,0 71,145,178,297,0
Fresh-ripe-apples-on-tree-in-Kasauli_png_jpg.rf.cf8f0e24bacc380f5a7bffd479fdc8d7.jpg 123,36,177,107,0 99,81,142,152,0 153,82,198,144,0 164,144,214,215,0 209,168,245,230,0 185,204,229,264,0 231,220,274,281,0 153,261,197,324,0 132,257,163,315,0 96,298,137,356,0 35,216,61,253,0 18,132,45,176,0 386,136,414,190,0 216,295,261,354,0 103,251,131,285,0 51,263,78,297,0 116,225,149,258,0 232,341,267,379,0 263,250,297,303,0
74477A_png_jpg.rf.d2453aa44b46700e34c020fb23342fca.jpg 122,147,248,268,0 208,58,333,185,0 275,125,381,231,0 104,36,233,140,0 35,163,151,274,0 131,295,257,399,0
maxresdefault_png_jpg.rf.d8024b30deb8ce7003211b055de4c57c.jpg 6,168,108,347,0 87,183,153,333,0 142,199,209,332,0 226,136,293,261,0 320,155,412,305,0
6104689538_2581252714_b_png_jpg.rf.d8975a7b67c3e85a535f0b440218d77a.jpg 182,174,225,238,0 222,176,261,227,0
easy-apple-recipes-for-fall_png_jpg.rf.d8a4dfeea558db561e776236600bd7ae.jpg 46,37,176,163,0 162,151,287,315,0 58,238,170,381,0
244sub_travel_9_png_jpg.rf.dcb3a1276df00e88737c50a38c642552.jpg 108,166,169,218,0 162,215,206,294,0 196,243,256,320,0 309,232,346,293,0
47_2_png_jpg.rf.df5d940e5b43872cc26f6d8feebae652.jpg 42,188,214,369,0 191,176,338,344,0 271,76,414,234,0 114,57,276,215,0 43,38,197,100,0
APPLE_png_jpg.rf.e88864c3a768e13351ee42063e4e3699.jpg 129,130,288,372,0 23,23,171,258,0
Bonsai-tree_png_jpg.rf.ebb3d4479399f9771b0ecde1e6e78357.jpg 137,165,256,336,0 257,131,399,309,0 169,37,302,203,0 170,328,233,401,0 35,264,140,401,0 9,253,58,353,0
golden-delicious-apples-495-400_png_jpg.rf.f0ff101846ee782ae33dda64b342e807.jpg 6,169,36,233,0 83,147,126,200,0 154,147,217,233,0 181,69,240,155,0 226,37,294,103,0 218,154,269,223,0 267,178,303,225,0 324,198,384,275,0 271,296,315,356,0 166,262,231,350,0 114,292,179,390,0 49,262,106,336,0 113,224,173,291,0 132,103,178,170,0 187,331,233,387,0 280,359,329,400,0 284,124,355,211,0
apples-on-tree_png_jpg.rf.f86b9ab840beabe0800f46332e5b9359.jpg 163,154,276,328,0 275,43,409,237,0
apple-tree-1262424_960_720_png_jpg.rf.ff9b549d8a3174311d374dfc9460fd7d.jpg 126,193,261,399,0 249,162,364,352,0 178,81,306,194,0 325,99,392,172,0